733
776
386
625
407
366
747
771
437
857
422
608
766
723
219
334
122
437
862
17
459
484
282
586
20
54
862
261
552
649
172
680
284
411
512
95
775
43
528
839
484
626
654
23
616
703
511
49
736
840
299
150
440
356
594
863
2
22
586
484
608
705
152
645
773
524
415
18
557
377
18
792
432
651
478
242
573
1
801
775
57
504
588
563
332
676
92
653
581
98
852
512
114
33
859
107
440
456
457
639
840
155
646
752
464
752
729
299
330
259
64
249
416
441
0
861
13
789
863
641
102
274
251
412
119
707
791
658
575
72
162
621
277
329
73
414
104
635
472
358
21
740
550
260
491
860
850
213
24
387
221
276
16
668
335
299
680
616
654
801
328
292
1
774
174
77
275
679
347
195
50
465
565
541
610
1
204
260
528
851
4
17
618
324
0
231
311
656
229
611
861
634
719
579
204
240
675
529
202
590
701
601
153
27
47
525
855
297
605
39
247
287
847
170
15
170
778
771
675
406
361
854
818
258
626
749
699
416
128
628
164
67
395
677
725
694
382
556
443
834
480
787
624
125
503
205
526
323
3
835
614
584
630
95
854
496
297
307
22
564
342
95
315
516
602
362
13
150
785
567
477
637
839
650
216
0
804
564
564
588
390
811
806
122
200
805
387
29
47
220
586
295
12
723
599
236
831
15
487
479
539
34
831
375
168