0.272683
-1.991065
7.433122
-0.627328
-2.277209
7.328763
-1.741731
0.240967
7.496553
-1.886049
-1.337800
7.344597
2.083748
0.238148
7.408865
-1.025048
0.408253
7.620538
-1.507863
-2.098384
7.253491
-1.499333
-2.241071
7.212461
-1.208805
-0.081475
7.604088
0.962186
-2.682518
7.153202
0.469885
0.082344
7.685208
-0.648442
-1.217511
7.575433
1.844149
-2.077537
7.181431
-1.515914
-1.953323
7.292224
-1.542837
1.351850
7.421735
1.906877
0.716068
7.425703
-1.686136
1.943960
7.257270
-1.208805
-0.081475
7.604088
1.800108
-2.628788
7.009927
0.962186
2.682518
7.153202
-1.566403
-0.242206
7.535099
-1.387267
-0.405179
7.563155
1.197595
1.049344
7.533567
-0.279588
-1.061571
7.621345
1.471153
2.653904
7.076900
-0.975022
2.407640
7.248627
1.800108
-2.628788
7.009927
1.721616
1.190919
7.409976
-2.071456
-0.868058
7.365158
-1.878997
-1.489597
7.317135
-1.356371
1.663853
7.394718
-0.640798
-1.684421
7.486127
1.552806
1.040447
7.469689
-1.567093
0.080771
7.538415
-0.654877
-0.573810
7.650612
1.997309
2.206601
7.101526
-0.804822
-2.272289
7.312931
1.312107
2.529299
7.153392
-2.075821
-0.711726
7.380679
1.973555
-2.481097
7.017067
-1.387267
-0.405179
7.563155
-1.715788
-1.345140
7.384894
-1.006216
-1.522862
7.480536
1.960883
2.614570
6.972013
0.831788
-1.214701
7.557951
-0.818146
-1.831997
7.434004
-0.840003
-0.572460
7.632607
-1.823151
2.358161
7.099661
0.813976
-1.981151
7.396112
-1.960883
-2.614570
6.972013
-0.093504
0.901218
7.646506
-0.997181
1.826911
7.413368
-0.656666
-0.082197
7.671507
1.562971
0.563908
7.518585
1.197595
-1.049345
7.533567
1.960883
-2.614570
6.972013
-1.636803
2.641918
7.044938
1.800108
2.628788
7.009927
-0.279588
-1.061571
7.621345
-1.387267
-0.405179
7.563155
-0.648442
-1.217511
7.575433
-0.456310
-1.839189
7.463187
-0.637760
1.836096
7.450638
1.715788
-1.345140
7.384894
-1.155682
-2.258923
7.269915
1.562971
-0.563908
7.518585
-0.842287
0.082002
7.653354
1.133623
2.674248
7.131149
-1.200766
-0.890258
7.553515
1.025048
0.408253
7.620538
1.133623
2.674248
7.131149
-1.985709
-2.345080
7.060280
-2.084635
-0.079417
7.412016
-1.536947
-1.505123
7.393402
1.914249
-0.239612
7.454411
-1.721616
1.190919
7.409976
1.731213
-0.878209
7.451285
-1.800108
2.628788
7.009927
-0.446038
-2.423102
7.295178
-0.804822
-2.272289
7.312931
-0.446038
2.423102
7.295178
-2.079333
-0.554501
7.393166
0.093251
-1.062194
7.625814
-0.093504
-0.901218
7.646506
1.560241
0.723758
7.505453
-1.356371
-1.663853
7.394718
1.499333
2.241071
7.212461
-1.185157
-1.517730
7.455327
-1.197595
-1.049345
7.533567
-1.677265
2.088431
7.219088
0.088157
-2.703532
7.209239
-0.654877
-0.573810
7.650612
1.162363
2.115292
7.311939
-0.443125
2.562586
7.247537
1.303355
-2.664696
7.105678
-0.090443
2.139666
7.396192
-0.656666
-0.082197
7.671507
-2.083748
-0.238148
7.408865
-1.914249
-0.239612
7.454411
0.646149
-1.374965
7.548640
-1.960883
-2.614570
6.972013
-0.091416
1.842297
7.475800
1.886049
-1.337800
7.344597
-0.631014
-2.132616
7.371822
-0.656367
-0.246478
7.668013
-0.631014
-2.132616
7.371822
-0.453966
-1.988849
7.424850
-0.093504
0.901218
7.646506
1.203428
0.730008
7.570261
1.372153
1.202294
7.480754
0.799868
2.414047
7.267915
-0.463980
1.219631
7.588624
-0.656666
0.082197
7.671507
-0.469885
-0.082344
7.685208
-1.960883
2.614570
6.972013
1.636803
-2.641918
7.044938
0.264331
2.702116
7.205463
1.667867
-2.230561
7.178636
1.960883
-2.614570
6.972013
1.010164
-1.367907
7.509887
-0.986736
2.122171
7.335717
-0.279588
1.061571
7.621345
-0.092958
1.221762
7.601885
-1.389114
0.081144
7.573227
2.008322
2.065749
7.140681
-0.091416
-1.842297
7.475800
1.997309
-2.206601
7.101526
-0.276617
-1.535042
7.540366
2.071456
-0.868058
7.365158
-1.997309
2.206601
7.101526
1.174586
1.820864
7.388829
1.721616
-1.190919
7.409976
0.279588
1.061571
7.621345
1.021836
0.732553
7.596658
-1.833922
2.219054
7.141605
-1.026434
0.081761
7.630842
-0.631014
2.132616
7.371822
-0.092627
-1.379732
7.574811
0.841905
-0.245895
7.649884
1.910143
0.557895
7.438421
1.636803
2.641918
7.044938
1.515915
-1.953323
7.292224
1.906877
-0.716068
7.425703
1.548130
1.196900
7.447196
-0.094016
-0.411889
7.688401
1.471153
-2.653904
7.076900
-0.264331
-2.702116
7.205463
1.709302
1.497708
7.356979
-1.973555
2.481097
7.017067
-1.566403
0.242206
7.535099
-1.189775
1.363261
7.484381
0.093251
1.062194
7.625814
0.789283
2.689468
7.171736
1.536947
-1.505123
7.393402
2.075821
0.711726
7.380679
-0.093504
0.901218
7.646506
-0.640798
-1.684421
7.486127
0.831788
-1.214701
7.557951
-1.006216
-1.522862
7.480536
-0.446038
-2.423102
7.295178
0.838492
0.734695
7.618868
-1.379950
0.886693
7.523264
-1.800108
2.628788
7.009927
-0.981028
-2.266184
7.293284
-1.001883
1.675915
7.448324
-1.155682
2.258923
7.269915
-0.093251
1.062194
7.625814
-0.822026
-1.680624
7.469255
-0.093887
0.575854
7.677863
-1.536947
1.505123
7.393402
-1.657970
2.370244
7.136041
-0.469670
-0.246918
7.681695
0.280346
-0.900687
7.642000
0.280982
-0.738598
7.659342
-0.278712
-1.221051
7.597457
-1.800108
2.628788
7.009927
0.092259
1.535923
7.544695
1.548130
1.196900
7.447196
-2.075821
-0.711726
7.380679
-0.088157
-2.703532
7.209239
-1.303354
2.664696
7.105678
0.962186
2.682518
7.153202
1.193926
-1.207074
7.510493
0.093716
0.739035
7.663879
-1.960883
2.614570
6.972013
0.646149
1.374965
7.548640
2.071456
0.868058
7.365158
-0.643597
-1.530658
7.518834
0.277720
1.378934
7.570430
-0.092958
-1.221762
7.601885
1.636803
-2.641918
7.044938
-0.277720
-1.378934
7.570430
2.028448
-1.777347
7.212242
-1.552806
-1.040447
7.469689
0.092259
1.535923
7.544695
-2.060234
1.177303
7.325257
-1.530482
-1.656559
7.362298
-1.906877
-0.716068
7.425703
-0.276617
1.535042
7.540366
0.465435
-1.060329
7.612429
-1.174586
-1.820864
7.388829
-1.892385
-1.184376
7.369269
-0.456310
1.839189
7.463187
-1.480951
2.518918
7.124032
1.973555
2.481097
7.017067
1.737952
-0.561036
7.480291
0.615165
-2.695067
7.186666
-0.466693
0.899627
7.633012
-1.193926
-1.207074
7.510493
0.619391
2.558522
7.236043
-0.831787
1.214701
7.557951
2.066253
1.023310
7.346661
-0.789283
-2.689468
7.171736
-1.702182
1.648466
7.326332
0.615165
2.695067
7.186666
-1.702182
1.648466
7.326332
-0.269586
-2.283403
7.348700
-1.499333
-2.241071
7.212461
-1.530482
-1.656559
7.362298
1.914249
0.239612
7.454411
-1.912603
0.399010
7.448002
0.440092
-2.699290
7.197927
-1.647605
-2.507390
7.091431
1.193926
1.207074
7.510493
-1.715788
-1.345140
7.384894
-1.162363
-2.115292
7.311939
-1.523463
-1.806005
7.328534
-0.656666
0.082197
7.671507
-0.634495
1.985539
7.412493
-1.367419
-1.357900
7.454949
1.523463
1.806005
7.328534
1.320507
2.391219
7.199189
-0.094102
0.247360
7.695450
-1.180088
-1.670316
7.423439
-1.168671
-1.969234
7.351621
1.871254
-1.639612
7.286980
1.912603
0.399010
7.448002
-1.379950
-0.886693
7.523264
-0.094145
-0.082491
7.698982
1.141290
-2.538488
7.179382
-2.081979
-0.396576
7.402573
1.328530
-2.250539
7.242933
-2.053418
-1.329863
7.301023
-1.168671
1.969234
7.351621
2.081979
-0.396576
7.402573
0.276617
1.535042
7.540366
1.910143
-0.557896
7.438421
-0.093716
0.739035
7.663879
-1.471153
2.653904
7.076900
1.312107
-2.529299
7.153392
0.463980
-1.219631
7.588624
-0.650469
-1.058475
7.599113
-1.010164
-1.367907
7.509887
1.997309
2.206601
7.101526
0.440092
-2.699290
7.197927
0.841143
-0.409455
7.642959
-0.466693
0.899627
7.633012
1.379950
0.886693
7.523264
1.800108
2.628788
7.009927
0.093504
-0.901218
7.646506
-1.023667
0.570785
7.610276
1.997309
2.206601
7.101526
-1.560241
0.723758
7.505453
0.093887
-0.575854
7.677863
-1.721616
-1.190919
7.409976
-1.740216
0.401262
7.490036
0.264331
2.702116
7.205463
-0.997181
1.826911
7.413368
0.981028
-2.266184
7.293284
0.652222
-0.898045
7.619588
1.741731
-0.240967
7.496553
0.277720
-1.378934
7.570430
1.973555
-2.481097
7.017067
-1.709302
-1.497708
7.356979
-2.053418
1.329862
7.301023
-1.960883
2.614570
6.972013
0.089352
-2.427014
7.306956
0.093504
-0.901218
7.646506
0.093504
-0.901218
7.646506
0.093251
-1.062194
7.625814
-1.025971
0.245173
7.627402
1.320507
-2.391219
7.199189
0.446038
-2.423102
7.295178
-1.686136
1.943960
7.257270
-0.643597
1.530658
7.518834
0.267910
-2.425708
7.303024
-1.566403
0.242206
7.535099
-1.141290
2.538488
7.179382
1.973555
2.481097
7.017067
-1.367419
1.357900
7.454949
-0.279588
-1.061571
7.621345
-0.836613
0.895949
7.601799
0.088157
2.703532
7.209239
-1.515914
-1.953323
7.292224
2.066253
-1.023311
7.346661
1.542838
1.351850
7.421735
0.619391
-2.558522
7.236043
0.615165
2.695067
7.186666
-0.841143
-0.409455
7.642959
2.083748
-0.238148
7.408865
-0.093716
-0.739036
7.663879
-0.266157
2.565306
7.255230
0.619391
-2.558522
7.236043
0.655770
0.410423
7.661039
-2.037498
1.630035
7.244418